# Time; Light sensor; Coil current; Pressure sensor; LFS power; HFS power in SI units
1.999999999999999909e-06;1.760522365570068359e+00;1.054490966796875000e+02;1.745126892649869615e-02;0.000000000000000000e+00;0.000000000000000000e+00
1.200000000000000030e-05;1.765118598937988281e+00;3.957704467773437500e+02;1.811433137886272679e-02;0.000000000000000000e+00;0.000000000000000000e+00
2.199999999999999943e-05;1.766759872436523438e+00;6.121700439453125000e+02;1.738105224758235492e-02;0.000000000000000000e+00;0.000000000000000000e+00
3.199999999999999855e-05;1.763805389404296875e+00;7.632991333007812500e+02;1.715480589064533740e-02;0.000000000000000000e+00;0.000000000000000000e+00
4.199999999999999768e-05;1.764133453369140625e+00;8.739082031250000000e+02;1.729369122185632490e-02;0.000000000000000000e+00;0.000000000000000000e+00
5.199999999999999680e-05;1.765446662902832031e+00;9.512250976562500000e+02;1.725886482905559377e-02;2.000006103515625000e+02;0.000000000000000000e+00
6.200000000000000270e-05;1.768401145935058594e+00;1.005434448242187500e+03;1.798696273428274789e-02;2.000006103515625000e+02;0.000000000000000000e+00
7.200000000000000182e-05;1.765775203704833984e+00;1.043873779296875000e+03;1.739859262156976880e-02;2.000006103515625000e+02;0.000000000000000000e+00
8.200000000000000095e-05;5.081393718719482422e+00;1.070266723632812500e+03;1.815088400420461837e-02;2.000006103515625000e+02;0.000000000000000000e+00
9.200000000000000007e-05;5.073514938354492188e+00;1.088665039062500000e+03;1.720676929203241584e-02;2.000006103515625000e+02;0.000000000000000000e+00
1.019999999999999992e-04;5.069247245788574219e+00;1.100492431640625000e+03;1.601851560597032653e-02;2.000006103515625000e+02;0.000000000000000000e+00
1.119999999999999983e-04;5.066292762756347656e+00;1.108267944335937500e+03;1.732858789028917518e-02;2.000006103515625000e+02;0.000000000000000000e+00
1.219999999999999974e-04;5.065636157989501953e+00;1.112977050781250000e+03;1.748648356851166541e-02;2.000006103515625000e+02;0.000000000000000000e+00
1.319999999999999830e-04;5.069575786590576172e+00;1.115495849609375000e+03;1.755712617314895280e-02;2.000006103515625000e+02;0.000000000000000000e+00
1.419999999999999821e-04;5.071545600891113281e+00;1.116262451171875000e+03;1.622975222580831656e-02;2.000006103515625000e+02;0.000000000000000000e+00
1.519999999999999813e-04;5.075812816619873047e+00;1.116152954101562500e+03;1.759255442284059570e-02;2.000006103515625000e+02;0.000000000000000000e+00
1.619999999999999804e-04;5.074171543121337891e+00;1.115386474609375000e+03;1.777074489709224228e-02;2.000006103515625000e+02;0.000000000000000000e+00
1.719999999999999795e-04;5.074500083923339844e+00;1.114072143554687500e+03;1.732858789028917518e-02;2.000006103515625000e+02;0.000000000000000000e+00
1.819999999999999786e-04;5.073843479156494141e+00;1.112319946289062500e+03;1.743367544694643737e-02;2.000006103515625000e+02;0.000000000000000000e+00
1.920000000000000049e-04;5.057757854461669922e+00;1.110458129882812500e+03;1.720676929203241584e-02;2.000006103515625000e+02;0.000000000000000000e+00
2.020000000000000040e-04;5.074171543121337891e+00;1.108486938476562500e+03;1.725886482905559377e-02;2.000006103515625000e+02;0.000000000000000000e+00
2.120000000000000031e-04;5.081722259521484375e+00;1.106515747070312500e+03;1.722410857036445891e-02;2.000006103515625000e+02;0.000000000000000000e+00
2.220000000000000022e-04;5.073514938354492188e+00;1.103996948242187500e+03;1.587387506827658834e-02;2.000006103515625000e+02;0.000000000000000000e+00
2.320000000000000014e-04;5.071873664855957031e+00;1.101916137695312500e+03;1.662711613244477818e-02;2.000006103515625000e+02;0.000000000000000000e+00
2.420000000000000005e-04;5.066949367523193359e+00;1.099616455078125000e+03;1.551012636368149546e-02;2.000006103515625000e+02;0.000000000000000000e+00
2.519999999999999996e-04;5.076469421386718750e+00;1.097645141601562500e+03;1.634467777346234468e-02;2.000006103515625000e+02;0.000000000000000000e+00
2.619999999999999716e-04;5.077454566955566406e+00;1.095673950195312500e+03;1.688039713950657134e-02;2.000006103515625000e+02;0.000000000000000000e+00
2.719999999999999979e-04;5.076469421386718750e+00;1.093593139648437500e+03;1.601851560597032653e-02;2.000006103515625000e+02;0.000000000000000000e+00
2.819999999999999699e-04;5.061697006225585938e+00;1.091402832031250000e+03;1.489728571630591011e-02;2.000006103515625000e+02;0.000000000000000000e+00
2.919999999999999961e-04;5.059070587158203125e+00;1.089431640625000000e+03;1.592193510978038434e-02;2.000006103515625000e+02;0.000000000000000000e+00
3.019999999999999681e-04;5.069903850555419922e+00;1.087460327148437500e+03;1.557278480042728445e-02;2.000006103515625000e+02;0.000000000000000000e+00
3.119999999999999944e-04;5.072858333587646484e+00;1.085379516601562500e+03;1.574639225571930826e-02;2.000006103515625000e+02;0.000000000000000000e+00
3.219999999999999664e-04;5.065308094024658203e+00;1.083517700195312500e+03;1.652689039324641007e-02;2.000006103515625000e+02;0.000000000000000000e+00
3.319999999999999926e-04;5.077126026153564453e+00;1.081437133789062500e+03;1.529282295483377387e-02;2.000006103515625000e+02;0.000000000000000000e+00
3.419999999999999646e-04;5.080080509185791016e+00;1.079794311523437500e+03;1.598625718817961797e-02;2.000006103515625000e+02;0.000000000000000000e+00
3.519999999999999908e-04;5.077782630920410156e+00;1.078042114257812500e+03;1.512421620134357138e-02;2.000006103515625000e+02;0.000000000000000000e+00
3.619999999999999629e-04;5.079423904418945312e+00;1.075961303710937500e+03;1.527740551045850617e-02;2.000006103515625000e+02;0.000000000000000000e+00
3.719999999999999891e-04;5.082706928253173828e+00;1.074428222656250000e+03;1.443903832210083338e-02;2.000006103515625000e+02;0.000000000000000000e+00
3.819999999999999611e-04;5.074500083923339844e+00;1.072566406250000000e+03;1.350982012361645612e-02;2.000006103515625000e+02;0.000000000000000000e+00
3.919999999999999873e-04;5.080737113952636719e+00;1.070814208984375000e+03;1.393857720076546736e-02;2.000006103515625000e+02;0.000000000000000000e+00
4.019999999999999594e-04;5.081722259521484375e+00;1.068952392578125000e+03;1.432309962651617460e-02;2.000006103515625000e+02;0.000000000000000000e+00
4.119999999999999856e-04;5.076141357421875000e+00;1.067200195312500000e+03;1.364667760663763538e-02;2.000006103515625000e+02;0.000000000000000000e+00
4.219999999999999576e-04;5.078111171722412109e+00;1.065229003906250000e+03;1.386851881856425439e-02;2.000006103515625000e+02;0.000000000000000000e+00
4.319999999999999838e-04;5.078111171722412109e+00;1.063805297851562500e+03;1.329371666596949018e-02;2.000006103515625000e+02;0.000000000000000000e+00
4.419999999999999559e-04;5.077454566955566406e+00;1.062053100585937500e+03;1.340134261370376154e-02;2.000006103515625000e+02;0.000000000000000000e+00
4.519999999999999821e-04;5.077782630920410156e+00;1.060410400390625000e+03;1.291079582439296283e-02;2.000006103515625000e+02;0.000000000000000000e+00
4.619999999999999541e-04;5.076141357421875000e+00;1.058658203125000000e+03;1.203132240128640396e-02;2.000006103515625000e+02;0.000000000000000000e+00
4.719999999999999803e-04;5.077782630920410156e+00;1.056906005859375000e+03;1.288479579692733412e-02;2.000006103515625000e+02;0.000000000000000000e+00
4.819999999999999524e-04;5.082050323486328125e+00;1.055263183593750000e+03;1.282003395391253034e-02;2.000006103515625000e+02;0.000000000000000000e+00
4.919999999999999244e-04;5.078439235687255859e+00;1.053620483398437500e+03;1.256420694283994638e-02;2.000006103515625000e+02;0.000000000000000000e+00
5.019999999999999506e-04;5.080080509185791016e+00;1.051868286132812500e+03;1.201921063091717506e-02;2.000006103515625000e+02;0.000000000000000000e+00
5.119999999999999768e-04;5.077126026153564453e+00;1.050444580078125000e+03;1.247588156470323499e-02;2.000006103515625000e+02;0.000000000000000000e+00
5.220000000000000031e-04;5.074828147888183594e+00;1.048801879882812500e+03;1.170834288620591947e-02;2.000006103515625000e+02;0.000000000000000000e+00
5.320000000000000293e-04;5.077454566955566406e+00;1.047049682617187500e+03;1.211651817610367131e-02;2.000006103515625000e+02;0.000000000000000000e+00
5.419999999999999471e-04;5.082706928253173828e+00;1.045187988281250000e+03;1.170834288620591947e-02;2.000006103515625000e+02;0.000000000000000000e+00
5.519999999999999733e-04;5.070888996124267578e+00;1.043764282226562500e+03;1.265315763730257871e-02;2.000006103515625000e+02;0.000000000000000000e+00
5.619999999999999996e-04;5.077126026153564453e+00;1.042121582031250000e+03;1.159094121375628915e-02;2.000006103515625000e+02;0.000000000000000000e+00
5.720000000000000258e-04;5.076141357421875000e+00;1.040369384765625000e+03;1.215320237349847010e-02;2.000006103515625000e+02;0.000000000000000000e+00
5.819999999999999436e-04;5.080409049987792969e+00;1.038945678710937500e+03;1.129115033190482287e-02;2.000006103515625000e+02;0.000000000000000000e+00
5.919999999999999698e-04;5.080080509185791016e+00;1.037193481445312500e+03;1.085593962729038305e-02;2.000006103515625000e+02;0.000000000000000000e+00
6.019999999999999961e-04;5.079095840454101562e+00;1.035550781250000000e+03;1.118919593766751729e-02;2.000006103515625000e+02;0.000000000000000000e+00
6.120000000000000223e-04;5.076141357421875000e+00;1.034127075195312500e+03;1.121177444075617362e-02;2.000006103515625000e+02;0.000000000000000000e+00
6.219999999999999401e-04;5.074500083923339844e+00;1.032265258789062500e+03;1.118919593766751729e-02;2.000006103515625000e+02;0.000000000000000000e+00
6.319999999999999663e-04;5.066621303558349609e+00;1.031060668945312500e+03;1.105469275437399868e-02;2.000006103515625000e+02;0.000000000000000000e+00
6.419999999999999925e-04;5.074828147888183594e+00;1.029417968750000000e+03;1.087784565769422084e-02;2.000006103515625000e+02;0.000000000000000000e+00
6.520000000000000188e-04;5.080080509185791016e+00;1.027775268554687500e+03;9.914579792850606102e-03;2.000006103515625000e+02;0.000000000000000000e+00
6.619999999999999366e-04;5.080409049987792969e+00;1.026132568359375000e+03;1.068228771571806505e-02;2.000006103515625000e+02;0.000000000000000000e+00
6.719999999999999628e-04;5.077782630920410156e+00;1.024708862304687500e+03;1.077962323287154009e-02;2.000006103515625000e+02;0.000000000000000000e+00
6.819999999999999890e-04;5.074828147888183594e+00;1.022847229003906250e+03;1.063930661389757976e-02;2.000006103515625000e+02;0.000000000000000000e+00
6.920000000000000153e-04;5.071545600891113281e+00;1.021423522949218750e+03;1.051141354494274788e-02;2.000006103515625000e+02;0.000000000000000000e+00
7.019999999999999331e-04;5.065636157989501953e+00;1.019780761718750000e+03;1.050083184636749732e-02;2.000006103515625000e+02;0.000000000000000000e+00
7.119999999999999593e-04;5.067605972290039062e+00;1.018247619628906250e+03;1.042699656692709122e-02;2.000006103515625000e+02;0.000000000000000000e+00
7.219999999999999855e-04;5.065964698791503906e+00;1.016714294433593750e+03;1.010625733313836802e-02;2.000006103515625000e+02;0.000000000000000000e+00
7.320000000000000118e-04;5.083034992218017578e+00;1.015071716308593750e+03;1.012665059139233013e-02;2.000006103515625000e+02;0.000000000000000000e+00
7.419999999999999296e-04;5.065308094024658203e+00;1.013757446289062500e+03;9.904584419013356261e-03;2.000006103515625000e+02;0.000000000000000000e+00
7.519999999999999558e-04;5.081393718719482422e+00;1.012005249023437500e+03;1.009608349986980402e-02;2.000006103515625000e+02;0.000000000000000000e+00
7.619999999999999820e-04;5.079095840454101562e+00;1.010472106933593750e+03;9.834955976241257364e-03;2.000006103515625000e+02;0.000000000000000000e+00
7.720000000000000083e-04;5.067277908325195312e+00;1.009157836914062500e+03;9.128143556940550990e-03;2.000006103515625000e+02;0.000000000000000000e+00
7.819999999999999261e-04;5.064980030059814453e+00;1.007405700683593750e+03;9.924570724655187165e-03;2.000006103515625000e+02;0.000000000000000000e+00
7.919999999999999523e-04;5.079423904418945312e+00;1.006091552734375000e+03;9.864746914610096618e-03;2.000006103515625000e+02;0.000000000000000000e+00
8.019999999999999785e-04;5.081065654754638672e+00;1.004558288574218750e+03;9.884638362206894097e-03;2.000006103515625000e+02;0.000000000000000000e+00
8.120000000000000048e-04;5.081393718719482422e+00;1.003025146484375000e+03;9.314006914129549508e-03;2.000006103515625000e+02;0.000000000000000000e+00
8.219999999999999226e-04;5.070232391357421875e+00;1.001382385253906250e+03;9.746150411756413987e-03;2.000006103515625000e+02;0.000000000000000000e+00
8.319999999999999488e-04;5.082050323486328125e+00;9.998492431640625000e+02;1.004533834371926053e-02;2.000006103515625000e+02;0.000000000000000000e+00
8.419999999999999750e-04;5.080080509185791016e+00;9.985349731445312500e+02;9.648423998257379258e-03;2.000006103515625000e+02;0.000000000000000000e+00
8.520000000000000013e-04;5.074500083923339844e+00;9.972208862304687500e+02;9.192767986658930898e-03;2.000006103515625000e+02;0.000000000000000000e+00
8.619999999999999191e-04;5.077126026153564453e+00;9.954686889648437500e+02;9.484516085212724157e-03;2.000006103515625000e+02;0.000000000000000000e+00
8.719999999999999453e-04;5.078439235687255859e+00;9.939353637695312500e+02;9.795384186427655293e-03;2.000006103515625000e+02;0.000000000000000000e+00
8.819999999999999715e-04;5.068591117858886719e+00;9.925118408203125000e+02;9.248530184368504437e-03;2.000006103515625000e+02;0.000000000000000000e+00
8.919999999999999978e-04;5.074500083923339844e+00;9.908690795898437500e+02;9.100577116110345616e-03;2.000006103515625000e+02;0.000000000000000000e+00
9.019999999999999156e-04;5.069247245788574219e+00;9.895548095703125000e+02;9.267192648454087786e-03;2.000006103515625000e+02;0.000000000000000000e+00
9.119999999999999418e-04;5.078111171722412109e+00;9.880216674804687500e+02;9.658146724606082867e-03;2.000006103515625000e+02;0.000000000000000000e+00
9.219999999999999680e-04;5.079095840454101562e+00;9.864885253906250000e+02;9.398874847280616965e-03;2.000006103515625000e+02;0.000000000000000000e+00
9.319999999999999942e-04;5.082706928253173828e+00;9.852838745117187500e+02;8.847357642072893255e-03;2.000006103515625000e+02;0.000000000000000000e+00
9.419999999999999121e-04;5.079095840454101562e+00;9.834221191406250000e+02;9.109761112789259777e-03;2.000006103515625000e+02;0.000000000000000000e+00
9.519999999999999383e-04;5.074828147888183594e+00;9.819984130859375000e+02;9.239206287786953797e-03;2.000006103515625000e+02;0.000000000000000000e+00
9.619999999999999645e-04;5.078439235687255859e+00;9.805747070312500000e+02;9.045720214809560913e-03;2.000006103515625000e+02;0.000000000000000000e+00
9.719999999999999907e-04;5.081065654754638672e+00;9.792606201171875000e+02;8.370273805444560997e-03;2.000006103515625000e+02;0.000000000000000000e+00
9.820000000000000170e-04;5.075484752655029297e+00;9.777274780273437500e+02;8.874144067797427871e-03;2.000006103515625000e+02;0.000000000000000000e+00
9.920000000000000432e-04;5.081065654754638672e+00;9.761941528320312500e+02;8.767469680042173572e-03;0.000000000000000000e+00;0.000000000000000000e+00
1.001999999999999853e-03;5.075156688690185547e+00;7.922107543945312500e+02;8.973074194248724031e-03;0.000000000000000000e+00;0.000000000000000000e+00
1.011999999999999879e-03;1.799259662628173828e+00;6.050515136718750000e+02;8.506341479839852476e-03;0.000000000000000000e+00;0.000000000000000000e+00
1.021999999999999905e-03;1.785471916198730469e+00;4.573173522949218750e+02;8.991180820009700425e-03;0.000000000000000000e+00;0.000000000000000000e+00
1.031999999999999931e-03;1.780875682830810547e+00;3.472557678222656250e+02;8.618527463344655137e-03;0.000000000000000000e+00;0.000000000000000000e+00
1.041999999999999958e-03;1.777593135833740234e+00;2.628206787109375000e+02;8.909994194463522615e-03;0.000000000000000000e+00;0.000000000000000000e+00
1.051999999999999984e-03;1.778249740600585938e+00;1.990835266113281250e+02;8.644621078533641298e-03;0.000000000000000000e+00;0.000000000000000000e+00
1.062000000000000010e-03;1.775951862335205078e+00;1.507878875732421875e+02;8.856273133066916436e-03;0.000000000000000000e+00;0.000000000000000000e+00
1.072000000000000036e-03;1.776279926300048828e+00;1.137722625732421875e+02;8.670806388808004542e-03;0.000000000000000000e+00;0.000000000000000000e+00
1.081999999999999846e-03;1.774310111999511719e+00;8.475100708007812500e+01;8.688303073102521951e-03;0.000000000000000000e+00;0.000000000000000000e+00
1.091999999999999872e-03;1.774638652801513672e+00;6.273866271972656250e+01;8.592512611209282905e-03;0.000000000000000000e+00;0.000000000000000000e+00
1.101999999999999898e-03;1.771684169769287109e+00;4.598303985595703125e+01;9.474968150492342825e-03;0.000000000000000000e+00;0.000000000000000000e+00
